examples/tmpgrid.txt
ncols 30
nrows 30
xllcorner 30
yllcorner 30
cellsize 100
NODATA_value -9999.000000
0.029831 0.029831 0.029831 0.029833 0.029842 0.029894 0.030270 0.030292 0.030629 0.030607 0.030600 0.030605 0.030627 0.030691 0.030966 0.030961 0.030958 0.030956 0.030953 0.030947 0.030937 0.030918 0.030877 0.031411 0.031485 0.031502 0.031506 0.031507 0.031507 0.031507 
0.029831 0.029831 0.029831 0.029833 0.029843 0.029894 0.030270 0.030293 0.030630 0.030607 0.030602 0.030615 0.030672 0.030971 0.030963 0.030960 0.030958 0.030956 0.030953 0.030947 0.030937 0.030918 0.030877 0.031411 0.031485 0.031502 0.031506 0.031507 0.031507 0.031507 
0.029831 0.029831 0.029832 0.029833 0.029843 0.029895 0.030270 0.030293 0.030630 0.030609 0.030607 0.030640 0.030975 0.030965 0.030961 0.030960 0.030958 0.030956 0.030953 0.030947 0.030937 0.030918 0.030877 0.031411 0.031485 0.031502 0.031507 0.031507 0.031507 0.031507 
0.029831 0.029831 0.029832 0.029834 0.029843 0.029895 0.030271 0.030294 0.030631 0.030610 0.030610 0.030649 0.030972 0.030964 0.030961 0.030959 0.030958 0.030956 0.030953 0.030947 0.030937 0.030918 0.030877 0.031411 0.031485 0.031502 0.031507 0.031507 0.031507 0.031507 
0.029831 0.029831 0.029832 0.029834 0.029844 0.029896 0.030271 0.030294 0.030631 0.030611 0.030612 0.030652 0.030971 0.030963 0.030960 0.030959 0.030958 0.030956 0.030953 0.030947 0.030937 0.030918 0.030877 0.031411 0.031485 0.031503 0.031507 0.031507 0.031507 0.031507 
0.029831 0.029832 0.029832 0.029834 0.029844 0.029896 0.030271 0.030295 0.030632 0.030612 0.030614 0.030658 0.030971 0.030963 0.030960 0.030959 0.030958 0.030956 0.030953 0.030947 0.030937 0.030918 0.030877 0.031411 0.031485 0.031503 0.031507 0.031507 0.031507 0.031507 
0.029832 0.029832 0.029833 0.029835 0.029844 0.029897 0.030271 0.030296 0.030632 0.030614 0.030622 0.030682 0.030969 0.030962 0.030960 0.030959 0.030958 0.030956 0.030952 0.030947 0.030936 0.030918 0.030876 0.031411 0.031485 0.031503 0.031507 0.031507 0.031507 0.031507 
0.029832 0.029832 0.029833 0.029835 0.029845 0.029898 0.030271 0.030297 0.030632 0.030618 0.030646 0.030979 0.030966 0.030962 0.030960 0.030959 0.030958 0.030956 0.030952 0.030946 0.030936 0.030918 0.030876 0.031411 0.031485 0.031503 0.031507 0.031507 0.031507 0.031507 
0.029832 0.029832 0.029833 0.029835 0.029847 0.029904 0.030271 0.030300 0.030630 0.030619 0.030653 0.030975 0.030965 0.030961 0.030959 0.030958 0.030957 0.030955 0.030952 0.030946 0.030935 0.030917 0.030875 0.031411 0.031485 0.031503 0.031507 0.031508 0.031508 0.031507 
0.029832 0.029833 0.029833 0.029837 0.029856 0.029936 0.030275 0.030324 0.030627 0.030618 0.030654 0.030974 0.030964 0.030960 0.030959 0.030958 0.030957 0.030954 0.030951 0.030944 0.030934 0.030916 0.030874 0.031411 0.031485 0.031503 0.031507 0.031508 0.031508 0.031508 
0.029833 0.029833 0.029834 0.029842 0.029885 0.030281 0.030293 0.030648 0.030620 0.030617 0.030655 0.030973 0.030963 0.030960 0.030958 0.030957 0.030956 0.030953 0.030949 0.030943 0.030932 0.030914 0.030873 0.031412 0.031485 0.031503 0.031507 0.031508 0.031508 0.031508 
0.029833 0.029833 0.029835 0.029843 0.029894 0.030276 0.030297 0.030639 0.030617 0.030617 0.030658 0.030971 0.030962 0.030959 0.030957 0.030956 0.030954 0.030951 0.030946 0.030939 0.030929 0.030910 0.030870 0.031412 0.031485 0.031503 0.031507 0.031508 0.031508 0.031508 
0.029833 0.029833 0.029835 0.029844 0.029896 0.030274 0.030297 0.030636 0.030616 0.030623 0.030681 0.030969 0.030961 0.030958 0.030956 0.030954 0.030952 0.030948 0.030942 0.030934 0.030922 0.030904 0.030864 0.031413 0.031486 0.031503 0.031507 0.031508 0.031508 0.031508 
0.029833 0.029833 0.029835 0.029844 0.029896 0.030273 0.030297 0.030635 0.030619 0.030646 0.030979 0.030965 0.030959 0.030957 0.030954 0.030952 0.030948 0.030942 0.030934 0.030922 0.030909 0.030892 0.030854 0.031419 0.031488 0.031504 0.031507 0.031508 0.031508 0.031508 
0.029833 0.029834 0.029835 0.029844 0.029896 0.030272 0.030297 0.030634 0.030620 0.030652 0.030975 0.030963 0.030958 0.030955 0.030952 0.030948 0.030943 0.030934 0.030920 0.030892 0.030875 0.030858 0.030826 0.031437 0.031492 0.031505 0.031508 0.031508 0.031508 0.031508 
0.029833 0.029834 0.029835 0.029844 0.029897 0.030271 0.030296 0.030634 0.030621 0.030654 0.030973 0.030961 0.030956 0.030952 0.030949 0.030944 0.030935 0.030921 0.030890 0.031344 0.031399 0.031416 0.031437 0.031484 0.031501 0.031507 0.031508 0.031508 0.031508 0.031508 
0.029833 0.029833 0.029835 0.029844 0.029897 0.030270 0.030296 0.030633 0.030621 0.030657 0.030971 0.030959 0.030953 0.030949 0.030944 0.030937 0.030925 0.030904 0.030858 0.031415 0.031471 0.031485 0.031492 0.031501 0.031506 0.031508 0.031508 0.031508 0.031508 0.031508 
0.029833 0.029833 0.029834 0.029845 0.029900 0.030268 0.030295 0.030632 0.030626 0.030678 0.030967 0.030956 0.030950 0.030945 0.030938 0.030928 0.030910 0.030865 0.031381 0.031470 0.031495 0.031502 0.031505 0.031507 0.031508 0.031508 0.031508 0.031508 0.031509 0.031509 
0.029832 0.029832 0.029835 0.029852 0.029928 0.030264 0.030297 0.030631 0.030646 0.030980 0.030961 0.030952 0.030945 0.030939 0.030930 0.030917 0.030884 0.031362 0.031459 0.031493 0.031504 0.031507 0.031508 0.031508 0.031508 0.031508 0.031509 0.031509 0.031509 0.031509 
0.029831 0.029832 0.029838 0.029879 0.030272 0.030262 0.030318 0.030625 0.030647 0.030972 0.030955 0.030946 0.030938 0.030930 0.030919 0.030902 0.030865 0.031409 0.031482 0.031501 0.031507 0.031508 0.031508 0.031508 0.031508 0.031509 0.031509 0.031509 0.031509 0.031509 
0.029830 0.029830 0.029837 0.029885 0.030266 0.030281 0.030636 0.030615 0.030641 0.030965 0.030948 0.030937 0.030927 0.030915 0.030899 0.030870 0.030834 0.031435 0.031491 0.031505 0.031508 0.031508 0.031508 0.031508 0.031509 0.031509 0.031509 0.031509 0.031509 0.031509 
0.029828 0.029828 0.029835 0.029884 0.030261 0.030280 0.030624 0.030605 0.030631 0.030955 0.030937 0.030925 0.030910 0.030881 0.030851 0.031372 0.031429 0.031483 0.031501 0.031507 0.031508 0.031508 0.031509 0.031509 0.031509 0.031509 0.031509 0.031509 0.031509 0.031509 
0.029826 0.029826 0.029832 0.029879 0.030255 0.030273 0.030613 0.030593 0.030620 0.030941 0.030921 0.030905 0.030875 0.031357 0.031420 0.031470 0.031489 0.031501 0.031506 0.031508 0.031509 0.031509 0.031509 0.031509 0.031509 0.031509 0.031509 0.031509 0.031509 0.031509 
0.029823 0.029823 0.029828 0.029873 0.030246 0.030261 0.030600 0.030580 0.030618 0.030917 0.030885 0.030866 0.030836 0.031428 0.031481 0.031498 0.031504 0.031507 0.031508 0.031509 0.031509 0.031509 0.031509 0.031509 0.031509 0.031509 0.031509 0.031509 0.031509 0.031509 
0.029820 0.029819 0.029822 0.029863 0.030234 0.030243 0.030580 0.030560 0.030906 0.030863 0.031397 0.031427 0.031444 0.031487 0.031502 0.031507 0.031508 0.031509 0.031509 0.031509 0.031509 0.031509 0.031509 0.031509 0.031509 0.031509 0.031509 0.031509 0.031509 0.031509 
0.029817 0.029814 0.029814 0.029850 0.030217 0.030214 0.030539 0.031080 0.031497 0.031479 0.031497 0.031499 0.031501 0.031506 0.031509 0.031510 0.031509 0.031509 0.031509 0.031509 0.031509 0.031509 0.031509 0.031509 0.031509 0.031509 0.031509 0.031509 0.031509 0.031509 
0.029813 0.029809 0.029805 0.029832 0.030192 0.030163 0.030494 0.031155 0.031565 0.031538 0.031526 0.031518 0.031514 0.031512 0.031511 0.031510 0.031510 0.031509 0.031509 0.031509 0.031509 0.031509 0.031509 0.031509 0.031509 0.031509 0.031509 0.031509 0.031509 0.031509 
0.029810 0.029804 0.029795 0.029812 0.030152 0.030713 0.031167 0.031214 0.031587 0.031552 0.031533 0.031522 0.031516 0.031513 0.031511 0.031510 0.031510 0.031509 0.031509 0.031509 0.031509 0.031509 0.031509 0.031509 0.031509 0.031509 0.031509 0.031509 0.031510 0.031510 
0.029807 0.029800 0.029788 0.029799 0.030132 0.030770 0.031221 0.031231 0.031594 0.031556 0.031535 0.031523 0.031517 0.031513 0.031511 0.031510 0.031510 0.031509 0.031509 0.031509 0.031509 0.031509 0.031509 0.031509 0.031509 0.031509 0.031509 0.031510 0.031510 0.031510 
0.029805 0.029798 0.029785 0.029792 0.030123 0.030778 0.031230 0.031234 0.031596 0.031556 0.031535 0.031523 0.031517 0.031513 0.031511 0.031510 0.031510 0.031509 0.031509 0.031509 0.031509 0.031509 0.031509 0.031509 0.031509 0.031509 0.031510 0.031510 0.031510 0.031510 
